mysql> select targetId from TargetCat where catalog = 'keplerHZ' and autoschedule = 'Yes';
+----------+
| targetId |
+----------+
|   150002 |
|   150003 |
|   150007 |
|   150010 |
|   150015 |
|   150018 |
|   150020 |
|   150021 |
|   150022 |
|   150026 |
|   150028 |
|   150032 |
|   150035 |
|   150040 |
|   150041 |
|   150042 |
|   150047 |
|   150048 |
|   150050 |
|   150053 |
|   150056 |
|   150058 |
|   150060 |
|   150062 |
|   150064 |
|   150066 |
|   150067 |
|   150068 |
|   150072 |
|   150075 |
|   150076 |
|   150080 |
|   150081 |
|   150082 |
|   150083 |
|   150084 |
|   150085 |
|   150086 |
|   150087 |
|   150088 |
|   150089 |
|   150090 |
|   150091 |
|   150092 |
|   150093 |
|   150094 |
|   150095 |
|   150096 |
|   150097 |
|   150098 |
|   150099 |
|   150100 |
|   150101 |
|   150102 |
+----------+
54 rows in set (0.00 sec)

mysql> notee
